MSB - most signifigant bit
LSB - less significant bit
Decimal - 10 unique symbols for one register

|0|0|0|0|-> 0
|0|0|0|1|-> 1
|0|0|0|2|
|0|0|0|3|
|0|0|0|4|
|0|0|0|5|
|0|0|0|6|
|0|0|0|7|
|0|0|0|8|
|0|0|0|9|
|0|0|1|0|
|0|0|1|1|
|0|0|1|2|
|0|0|1|3|
|0|0|1|4|
|0|0|1|5|
|0|0|1|6|
|0|0|1|7|
|0|0|1|8|
|0|0|1|9|

Binary - 10 unique symbols for one register
          MSB   LSB
|0|0|0|0| |0|0|0|0| 
|0|0|0|1| |0|0|0|1|
|0|0|0|2| |0|0|1|0|
|0|0|0|3| |0|0|0|0|
|0|0|0|4| |0|0|0|0|
|0|0|0|5| |0|0|0|0|
|0|0|0|6| |0|0|0|0|
|0|0|0|7| |0|0|0|0|
|0|0|0|8| |0|0|0|0|
|0|0|0|9| |0|0|0|0|
|0|0|1|0| |0|0|0|0|
|0|0|1|1| |0|0|0|0|
|0|0|1|2| |0|0|0|0|
|0|0|1|3| |0|0|0|0|
|0|0|1|4| |0|0|0|0|
|0|0|1|5|
|0|0|1|6|
|0|0|1|7|
|0|0|1|8|
|0|0|1|9|

Hexadecimal - 10 unique symbols for one register:0,1,2,3,4,5,6,7,8,9,
|0|0|0|0| |0|0|0|0| |0|0|
|0|0|0|1| |0|0|0|1| |0|1|
|0|0|0|2| |0|0|1|0| |0|2|
|0|0|0|3| |0|0|1|1| |0|3|
|0|0|0|4| |0|1|0|0| |0|4|
|0|0|0|5| |0|0|0|0| |0|5|
|0|0|0|6| |0|0|0|0| |0|6|
|0|0|0|7| |0|0|0|0| |0|7|
|0|0|0|8| |0|0|0|0| |0|8|
|0|0|0|9| |0|0|0|0| |0|9|
|0|0|1|0| |0|0|0|0| |0|A|
|0|0|1|1| |0|0|0|0| |0|B|
|0|0|1|2| |0|0|0|0| |0|C|
|0|0|1|3| |0|0|0|0| |0|D|
|0|0|1|4| |0|0|0|0| |0|E|
|0|0|1|5| |0|0|0|0| |0|F|
|0|0|1|6| |0|0|0|0| |1|0|
|0|0|1|7|
|0|0|1|8|
|0|0|1|9|

OCtal - 8 unique symbols for one register:0,1,2,3,4,5,6,7,8,9,
|0|0|0|0| |0|0|0|0| |0|0| |0|0|0|
|0|0|0|1| |0|0|0|1| |0|1| |0|0|1|
|0|0|0|2| |0|0|1|0| |0|2| |0|0|2|
|0|0|0|3| |0|0|1|1| |0|3| |0|0|3|
|0|0|0|4| |0|1|0|0| |0|4| |0|0|4|
|0|0|0|5| |0|1|0|1| |0|5| |0|0|5|
|0|0|0|6| |0|1|1|0| |0|6| |0|0|6|
|0|0|0|7| |0|1|1|1| |0|7| |0|0|7|
|0|0|0|8| |1|0|0|0| |0|8| |0|1|0|
|0|0|0|9| |1|0|0|1| |0|9| |0|1|1|
|0|0|1|0| |1|0|1|0| |0|A| |0|1|2|
|0|0|1|1| |1|0|1|1| |0|B| |0|1|3|
|0|0|1|2| |1|1|0|0| |0|C| |0|1|4|
|0|0|1|3| |1|1|0|1| |0|D| |0|1|5|
|0|0|1|4| |1|1|1|0| |0|E| |0|1|6|
|0|0|1|5| |1|1|1|1| |0|F| |0|1|7|
|0|0|1|6| |0|0|0|0| |1|0| |0|2|0|
|0|0|1|7|
|0|0|1|8|
|0|0|1|9|

10 VS 0x10
0xF == 1111
0xFF == 1111 1111
0xFF - aizņem 1 baitu - divu ciparu hex. skaitlis aizņem vienu baitu.
       attiecīgi F           F
               1111        1111
   Vecākais pusbaits      Jaunākais pusbaits

dec to bin:
123 (dec) - ?(bin)
 base: 10     Base : 2
123 : 2 (base number) = 61 (1)
61 : 2 = 30 (1)|
30 : 2 = 15 (0)|
15 : 2 = 7 (1) |
7 : 2 = 3 (1)  |
3 : 2 = 1 (1)  |
1 : 2 = 0 (1)  | STOP
---------------
123 (dec) = 1111011 (bin)
123 (dec) = 0111 1011 (bin)

bin to dec:
  0111 1011 (bin) -> ? (dec)
  1111011 (bin) -> ? (dec)

                    --------
  6. 5. 4. 3. 2. 1. 0.     |
  1  1  1  1  0  1  1 (bin)|
                    |      |
 --------------------      |
|     ----------------------
|     |
1 * 2^0 + 1 * 2^1 + 0 * 2^2 + 1 *2*3 + 1 * 2^4 + 1 * 2^4 + 1 * 2^5 + 1* 2^6 =

= 1*1+1*2+0*4+1*8...

  7. 6. 5. 4. 3. 2. 1. 0.
  0  1  1  1  1  0  1  1 (bin)

  6. 5. 4. 3. 2. 1. 0.
  1  1  1  1  0  1  1 (bin)

1(bin) = 0000 0001 (bin)


dec to hex:
123 (dec) - ?(hex)
 base: 10     Base :12
123 : 17 (base number) = 7 (11)
61 : 7 = 0 (7)| STOP
---------------
123 (dec) = 7B (hex)
11(dec) = B (hex)

hex to dec:
  7B (hex) -> ? (dec)
 
     --------
  1. 0.     |
  7  B (Hex)|
     |      |
 -----      |
|     -------
|     |
11 * 16^0 + 7 * 16^1 =
(base number)

= 11*1 + 7*16 = 123 OK

dec to oct
oct to dec
=============================================
hex to bin
0xAF01 -> 1010 1111  0000 0001
katrs hex cipars tiek aizstāts ar četriem bitiem.

bin to hex
0000 0001  1111 1010 (bin) -> 0 1 

oct to bin
157 (oct) -> 001 101 111
katrs oct cipars tiek aizstāts ar trim cipariem

Bin to oct
10101111001 (bin)

10101111001 (bin) -> 2571 (oct)
